111111111111111111111111111111111
102020202020202020202020202020201
121111111111111111111111111112121
101020202020201020202020202020101
121212111211121112111111111111121
101010202020102010202020202020101
121211121112111211111112121211121
101020102010201010202020101020101
121112111211121212111111121112121
101010201020102010202020201020101
121211121112111211111112111211121
101020102010201010202010201020101
121212111211121112111211121112121
101010201020102020202010201020101
121211121112111111121112111211121
102020102020101020101020101020101
121111111111121212121211121112121
101020102010102020102010101020101
121212121212121111121112121211121
101010101010102020201010101020101
121212121212111111111212121112121
101010101010101020202010101020101
121212121212121211111112121211121
101010101010102010202020101020101
121212121212121212111111121112121
101010101010102010102020201020101
121212121212121212121111111211121
102010101010101010102010201020101
121212121212121212121212121112121
101010201020101010101020102020101
121211111111121212121111111111121
101020202020202020202020202020201
111111111111111111111111111111111